%YAML:1.0
---
model_type: PINHOLE
camera_name: right
image_width: 640
image_height: 480
distortion_parameters:
   k1: 9.4297019472541807e-02
   k2: -1.4222511336075405e-01
   p1: 2.3881095084687374e-03
   p2: 2.6923660239946585e-03
projection_parameters:
   fx: 4.5993101912150360e+02
   fy: 4.5844762022237541e+02
   cx: 3.2987008754390706e+02
   cy: 2.4499237319247823e+02
