%YAML:1.0
---
model_type: PINHOLE
camera_name: realsense_480p
image_width: 640
image_height: 480
distortion_parameters:
   k1: 1.3328570471814288e-01
   k2: -3.6256886347690642e-01
   p1: 8.5441236117558589e-04
   p2: -5.2012167049520141e-03
projection_parameters:
   fx: 7.4640931247416927e+02
   fy: 7.4567967232006185e+02
   cx: 2.9957395208670425e+02
   cy: 1.9409710418350852e+02
