%YAML:1.0
---
model_type: PINHOLE
camera_name: realsense_480p_tc_0
image_width: 640
image_height: 480
distortion_parameters:
   k1: 0.
   k2: 0.
   p1: 0.
   p2: 0.
projection_parameters:
   fx: 602.4816284179688
   fy: 601.3778686523438
   cx: 329.1150207519531
   cy: 237.7969512939453
