%YAML:1.0
---
model_type: PINHOLE
camera_name: realsense_480p
image_width: 640
image_height: 480
distortion_parameters:
   k1: 0.
   k2: 0.
   p1: 0.
   p2: 0.
projection_parameters:
   fx: 615.536865234375
   fy: 614.5320434570312
   cx: 323.1097412109375
   cy: 233.85525512695312
